4247
-3144
812
-2137
2590
-3957
-3969
-1770
-4064
-2996
3520
-3031
-2215
2799
3910
-2819
4194
-4684
1327
1814
3619
-455
-3109
-3976
1993
-1540
3319
4766
-937
-2229
4014
-823
-3951
-3191
-4063
-2004
402
-2622
3883
675
-11
908
-2129
-844
-4656
3105
-2767
3114
-3751
1621
-203
1149
-161
-3113
1619
-409
61
-4477
4962
4201
4354
-4776
2548
-1126
-3227
-1896
-463
4640
-3186
2838
3580
2709
2514
4789
-412
4949
-1905
2991
-4509
4602
-163
26
3527
2617
1629
1535
1232
-1101
899
3844
1123
2703
2965
2564
-3220
715
-679
2343
-3308
-2821
-3217
-754
-1664
1461
4502
4461
3886
751
-4952
-1143
-4764
4345
1660
-1669
-1166
-4004
-3940
-3160
1271
1067
-4924
-1443
-1505
-4204
-1860
-266
403
-2299
-3017
-864
1151
4610
-2887
2478
1204
1473
-2757
-1300
-1273
2090
-4874
-3506
-1254
2592
3681
1862
-4401
1111
-2492
-1492
-1536
2362
-3449
-4824
-2185
2272
220
1498
3528
-1592
566
4021
3050
3316
-635
-302
-2326
2604
-2026
3539
-501
1101
4305
-4644
-95
420
753
-722
-47
-1683
2312
2882
-2296
-3392
4089
2816
4842
-3571
-4870
965
3622
3013
-4817
3212
-4472
-4821
2763
396
4816
-2351
-2103
4495
632
535
438
4488
-2512
-3793
-1160
-2336
1201
2454
3856
2944
-3011
-3855
-2330
-1915
-7
-780
3593
-4196
2729
3647
1369
596
-1157
-4706
4342
3577
-75
-2038
-3188
-3362
-1038
4680
-1309
-1412
924
3818
-1589
-1713
2591
-2419
1440
2192
-2925
1557
2294
4452
-1588
3563
2120
845
4633
-3832
1609
4469
-1815
-3099
3391
-2133
337
4671
1940
-2514
-3753
-1419
2547
2715
138
2634
1120
-4088
1047
323
-4600
4510
-1824
1725
-3025
752
811
-4355
1339
-132
3983
2079
1189
3963
365
-3856
2626
1935
-2750
-1405
-4253
-3829
-905
-3600
-1580
-1515
-3390
-4450
-1916
461
2849
-3891
-1389
-818
-4772
4843
-4725
-4108
571
-2846
1634
3448
-4128
-3668
2858
-3673
1235
-4409
3850
-2598
2696
-134
-252
2794
-3631
-779
792
364
2687
-525
3059
4893
-2918
-954
4022
-2188
-4170
-2456
-706
-1881
2736
-2404
550
-4160
-3669
868
274
-3908
-3573
-2536
2242
1093
-92
-4487
4208
825
1656
-2711
1883
1868
-934
-2765
-2927
-3584
-923
-1849
1434
-1852
-3084
-1998
36
359
1552
4594
-548
-2355
471
-4230
-3122
-1310
-4222
-165
-4399
-2402
-1104
1628
4915
1439
1662
3267
-4811
2533
-3780
953
-567
4086
1731
4717
3807
2129
-1315
-3844
3399
-3487
903
1747
1930
-854
-4229
-804
3788
4375
-146
1944
286
-1988
-1076
-3857
928
3764
-3127
4125
1590
4656
978
1050
4037
2619
-852
-4220
3589
-3715
218
416
-569
2179
672
952
-307
2452
4773
86
-1976
2228
4097
-4561
533
1600
-3887
-1967
-2183
-2151
4618
1492
-1297
130
-4865
820
-4
-1811
-59
-2316
-328
1460
-1421
-3313
-3960
-4675
1521
-3978
-1159
448
-4667
2045
-2755
-1889
3998
109
-4302
-2920
-3383
-2639
293
-2589
-446
-3485
4238
-2256
4382
-1350
-3851
-3763
3713
-1644
-3352
3774
-4681
4788
3766
-2366
-330
1185
2797
-4842
1541
3079
-1190
2416
1942
508
-1209
-1671
-4981
-537
-3273
-4830
309
1597
3014
3452
-1537
4435
-2273
-2745
2812
-230
-1792
836
3363
3396
-2000
1963
3847
2328
3360
-810
1905
312
4376
151
-1731
-1487
-4228
3412
-440
2831
984
1702
2802
1409
-2591
-4121
3039
-3436
-470
-781
3439
4274
-3624
4775
814
-1735
-2388
-477
1147
660
-1457
2190
1688
2677
-4962
-2893
-2807
-3020
-4862
4894
-1359
-3260
1749
3731
3359
4118
3091
3823
4057
2693
-2261
3253
-1535
-4727
-1947
3009
3499
-3704
1856
4886
3199
4936
2387
-3088
63
3864
2299
-4697
-86
-1693
-3591
-419
-2412
4646
3675
214
-2356
819
1240
-2503
3685
549
3187
-2632
2682
3937
-723
-867
-942
3067
3228
4030
-3614
-565
1831
3896
-4373
3809
3786
-1690
4385
434
-2189
-4648
-2143
-1355
-3661
-1423
-3653
1572
2881
552
4877
-4047
3467
-2486
2488
-3323
-2011
3714
75
-990
-665
-831
624
-859
2924
4330
3442
-4896
-4810
1056
4432
-3875
-1504
-914
-2754
1320
-2586
-4335
-4087
2648
-441
2232
4920
3047
910
-3205
1354
4899
-4082
3460
3682
-262
3393
-4096
-4608
-3821
3808
504
-236
-2604
2903
-3103
-906
2839
4582
622
-4074
3614
934
4642
-4313
-593
-1380
-4212
3961
886
1163
-4953
3989
-377
1805
-1402
-599
4632
-4553
1465
1896
3884
385
-4007
-2551
-2105
1991
-3905
-495
-4025
1167
3245
-2070
-375
3741
2220
3193
3220
1766
713
4760
-4906
-3157
390
-953
-3664
-3221
-612
-1460
-834
-1323
2339
1282
1559
-1817
-4105
52
3169
182
-1598
-4615
-3067
645
3461
890
1026
2156
-4396
-2501
-1791
-4410
32
-3107
650
66
-428
-4855
-2254
1877
3295
4174
1190
1534
-4089
981
-164
1303
3620
-2280
897
-876
-3738
-2944
4253
532
-149
-2389
4584
1595
-4710
1668
3455
-557
-4148
-2875
3596
580
499
3064
2461
-315
-474
939
123
3575
-1802
-2938
-2984
-2253
-3363
-293
-23
3397
-788
-2454
316
-2107
-3662
297
-4235
4388
2672
-2075
3435
2521
1713
1107
-4351
-150
2571
-2180
4854
4002
1430
-4280
-3918
-3805
-1665
88
-1141
3061
2338
1648
4310
-258
2644
-2391
1225
2395
3793
4460
3519
-4626
-3787
3181
4706
-621
2585
1179
-4950
1206
-3776
1279
-4975
-4390
4263
-3300
2367
676
4170
4363
2019
-323
-3371
352
-1704
2641
-4163
3962
-2603
-4414
-1156
-4357
-759
-713
3835
4904
118
-4468
-4771
4328
363
1007
1013
4763
4772
927
-459
775
3704
2011
2612
4161
-962
1956
4186
449
-1289
-2838
-1648
481
-576
339
-57
-4348
3384
-2798
-4974
-224
-4550
2308
3240
972
987
518
-2945
942
3005
-3367
570
-4695
-3617
-1957
-3838
-2915
-287
4075
3657
3261
-2149
-2682
1813
2595
-1764
-2643
3354
1376
2348
4035
674
1556
-4735
-491
2661
-3000
-4278
2315
4839
1032
-454
889
-4547
-628
3226
-4478
2565
2441
-2231
-2629
-2539
3737
69
3157
-3864
3746
4906
-2496
-3882
4042
809
-4829
-4961
4738
-1618
-201
-3440
-2111
2222
-4802
-193
3046
2337
-696
1622
-2631
547
-3370
-1202
-3024
-2353
35
4352
-2829
-503
3289
1108
3564
2050
1444
3703
-3684
-3508
-3931
955
-4292
1436
3721
3486
1391
2670
-3274
-3802
4734
-3660
2981
4836
-2293
2528
-1654
1266
540
-2275
4945
-2758
-244
4101
826
974
-1242
554
3392
2780
-311
-1236
1397
-1920
-4596
15
651
451
4736
4731
2106
4152
4876
-4719
2803
-1168
-4917
4047
4696
3189
3221
80
-4623
-3570
-4039
3410
-2096
-483
-1128
635
-3467
1170
3954
-2418
2162
2504
2836
617
2822
-4181
1851
-1590
-1100
1012
2888
-4321
565
1166
-3612
159
523
1999
-4795
-4586
-4022
253
-4838
4764
4487
3939
-1430
-3867
-3850
-1961
1926
-4272
-4571
1078
2967
-352
4934
3631
-4150
-2049
-4503
1429
-3728
4606
-2397
2741
4547
146
4144
1914
-3059
741
3903
-3039
-53
344
-1371
2275
-3340
4835
-2344
-4630
-103
4719
-919
-2346
-2657
2091
-1615
1418
-492
247
-3083
2189
2110
3662
-3159
-4267
-2323
-2364
1679
3689
2054
-4356
-4219
1782
-2907
-1034
-1052
1264
-3695
1520
3567
498
1181
-1512
3929
-3385
-618
-4676
2490
600
-3537
4009
-1477
1604
-1328
3756
-2170
1480
34
-232
-39
4779
2005
3893
4808
4129
-4273
-595
1169
4884
-2248
-2981
-4548
-978
4082
-931
-980
3395
722
4120
-662
3833
2267
-2174
-35
4484
-1123
-3511
4020
3770
-2568
4300
-365
-2619
-972
-3430
1307
4621
-1855
964
-147
3521
-3774
2305
-573
-1828
829
-1732
-238
-1245
-2068
2225
2781
-358
-2804
-3622
3699
-2483
4504
3475
3321
2635
1124
-2901
-3387
-4127
630
-2203
1630
-2269
-444
-671
3803
437
1030
-2360
4729
-1830
-643
-487
-2567
-2801
-1952
-3030
-3296
923
-3886
-2965
-2779
-610
4966
3340
1366
1607
-1029
-1276
654
1087
-3868
-3010
-4980
-4617
1778
-2902
-1095
-4034
1022
1623
3500
-655
-3699
1466
-3835
709
-3770
501
-4114
1468
1793
2675
-951
-2553
1010
-4395
4096
254
-924
887
-337
-1711
-2978
-2959
-3029
3002
2934
3153
3885
3445
3749
-2380
3207
-3724
-2310
-3394
488
4563
4806
-2399
-458
-4700
-3735
1457
-915
-3544
-877
1821
1334
3098
-3967
1403
-2681
3907
-2343
3891
-4059
3249
-1668
-137
-575
156
-1638
-2735
-568
945
3700
-3515
-3493
119
-1972
1916
2260
-3117
-4853
51
-756
1768
3198
-2090
1950
3327
-30
-2689
3283
-2541
762
-1205
4580
-2328
678
4526
3514
-1063
2848
-4655
2160
3571
-3035
4440
506
2844
-2441
-1224
-2596
-3307
1361
-434
2209
-3142
-260
4681
-3836
2745
956
-642
2942
4122
-4589
2489
-930
-381
2503
2040
-3930
-140
-1657
-3629
684
-521
-1262
1375
711
1038
-3520
3658
-3924
641
487
2920
-4117
2752
441
115
-539
-2513
-929
-3595
1682
24
-3801
4917
-1288
-3338
-1398
1653
3708
4558
284
3838
3667
745
589
-1858
-3505
-4782
603
-2831
3646
-1619
-1446
-729
1959
-3427
-4946
3723
2187
2905
-3685
-4638
1847
-4044
-3042
-4542
2369
-1049
4693
-2443
-3226
4521
-4130
-3586
2277
405
-3065
-1058
-4875
-1349
1709
1819
4953
3387
-2611
4655
-2546
747
-900
-3651
-2113
3292
2250
-2507
-587
1870
4230
-2478
-3921
-4889
-3723
-4884
-517
721
1158
-3403
-551
2186
3390
898
1729
-18
-3641
4807
-3036
2456
2002
-3606
-2028
-1756
-2823
-453
-2998
-111
-1149
-2671
2847
892
4171
-1979
-1931
-3018
-3451
-2726
-4533
-4388
1035
-4787
4870
-21
-490
730
2517
-3602
1818
-1776
2357
2177
2463
2957
-3847
856
1419
1052
-1069
-3384
2943
4164
-4827
-802
-1248
2768
2014
-886
1048
3404
-4005
3863
2383
804
4534
-3917
-331
-1256
1639
176
-3398
-2435
1928
4227
2921
1360
4595
-4333
-451
-2395
2363
2368
3813
-1415
4240
-4243
2196
2685
-3502
-1320
-1706
-4073
3097
-747
-347
2526
3912
-100
3017
-633
-4504
-4444
2624
4478
3216
2279
4311
-241
-1769
217
-2401
2559
1003
1437
2804
1362
276
3436
2949
999
-1853
2622
-3952
712
-3652
96
4712
-2585
-2057
2992
647
3318
-773
2290
4733
189
-968
2022
1947
-971
2630
1568
4627
694
1820
-2571
-1870
2469
4929
325
758
-3809
3584
-856
62
4838
763
-1534
-396
2136
1514
738
1393
-417
155
3716
4472
211
-4568
1042
-4806
3472
2422
1427
-4507
-1862
4412
4282
4400
-4442
3051
-1171
-1911
-3179
2132
-1111
-3022
-2173
335
3648
2493
-279
-2703
-1917
-4749
54
125
851
-2889
-4343
4505
-4673
3346
3432
2458
-2317
-1521
3425
1875
4705
4724
398
-96
1
-4778
4909
-3972
-3373
2202
3560
-3429
-2789
1092
-957
-1819
2562
2938
-2053
2413
354
-1316
2248
454
204
3137
-2311
-2827
4685
4141
2621
-99
-2584
-2270
153
-1499
-828
3578
-123
-457
3595
-2581
-543
-718
2496
85
1180
84
3196
4784
-800
4721
1114
4303
-3321
629
2157
1150
-2573
1616
-4885
4539
3837
3370
-4258
-2728
-435
-3486
-4818
-2543
-2522
4930
12
2229
2970
-1292
985
2502
-3568
-1070
-630
-482
4833
-3243
-1035
-857
-461
3986
-1934
2788
-3745
-2916
-3517
-2239
-2986
4158
1350
3836
4387
-4285
485
4844
-211
3637
-4752
-3799
3590
3235
2444
1260
4356
-3462
1781
1244
-2674
-368
2256
-1530
1997
994
1697
353
3093
-3095
606
3553
2077
569
4579
-2162
4048
4056
-3656
-3287
-4499
2124
-269
3654
4290
1532
3541
-2863
-1921
-4377
3996
136
464
-3391
2274
3569
-263
-3439
1433
-774
1854
4410
-1464
1417
-4404
4888
-3514
-4049
-1926
264
2270
-3893
3133
-2865
-1667
-784
2021
3816
1706
3800
-2737
-1694
679
2409
-3032
-80
1756
-720
-3750
-1662
-4488
-614
1004
-2437
-916
4062
-1018
3383
4255
1247
-4712
4150
-3395
-4131
3666
-1597
4749
1176
1385
-2794
-341
2028
1955
4643
-3491
-4742
-3666
4361
2748
-3796
-4035
2909
-1130
2698
-603
-880
-920
4644
1670
-3869
-116
-1068
-484
-4502
3545
2193
-4293
4018
4530
-4682
215
2855
-318
527
90
-2903
4651
1387
2175
3006
41
-3830
743
759
48
2774
-3
-1599
4202
4384
3160
-787
-3849
-2193
3757
1962
-3767
-3023
3965
3678
1762
2976
384
1718
3554
4326
2485
658
-2284
1431
1569
-4040
-3549
2581
-4844
-1519
3466
-1081
-432
-2987
-2705
4522
-2687
4362
1954
3161
4533
-1897
4674
-3884
1698
-1899
74
3273
-1247
-4159
-4147
-4279
2349
-10
-452
135
3237
-3686
-663
-2587
1063
997
1794
56
1161
4986
2015
-2051
1208
3282
3210
2031
-3742
-1901
858
-1720
-4744
4535
-709
-4300
-2116
780
-3058
4710
-3937
3100
-2963
2376
3980
611
-3146
-917
-4839
3513
-619
3138
916
4459
3573
-2403
-3148
413
-2032
4514
-1147
-1740
-2849
2732
3244
4583
2638
4275
-267
1210
288
3540
4952
4497
-2041
-3345
4284
-3598
-3280
-1337
2064
586
2466
-2544
3949
-2562
-3242
1373
848
1691
4698
-2378
-666
-4110
3209
-3790
735
-272
3020
173
-4914
-3366
1837
-4120
-118
4367
-3966
-4009
-2834
931
-4145
1681
3092
883
-2307
2512
2536
-4381
-2850
4405
-814
4609
2686
3938
-170
-2422
-2727
-4937
2439
27
3821
-2369
954
-1192
-534
-3524
2837
-4475
-4464
-1374
-240
-3873
3336
2298
-2039
-499
-3521
-4100
-1943
-390
2199
4449
517
-789
3274
3651
906
-4245
2832
-1966
-4813
3117
-2701
3066
1953
-46
2056
-4213
710
-4254
-4555
3227
-3561
4357
1404
-2142
4826
3011
1077
-2505
-216
-3488
1477
4984
3495
-861
-838
-523
-866
-897
4746
1958
-3482
3930
5
4157
154
-449
2109
-1727
-825
-112
-1698
4990
-3747
4652
3247
2543
362
3616
2052
-4732
46
-1363
-4788
-342
-3055
-1013
-207
-4122
-333
4154
2389
-1228
-3417
718
4740
-223
2214
3508
342
1305
-3375
-2109
-2845
-4704
-1516
4956
3819
1743
824
4045
4024
-1261
4972
-4658
-4447
-402
4971
1574
2739
-1124
4258
-1751
-2634
-3215
-442
3531
1545
4183
3542
3688
-4103
-1244
-2428
-4536
2773
3973
-4249
-3016
2667
-261
859
1631
3865
-870
3078
3792
1683
-159
844
-4026
846
-961
3269
-3464
3342
-2298
1871
1086
446
3333
1140
-4846
3751
4185
4023
-2547
1447
-3737
2627
67
1857
-1491
496
-173
-2192
602
2901
-964
-1024
-4020
4599
-1089
17
-1820
-579
2145
-710
1908
-4411
-2061
4867
1095
497
1278
-4970
-1353
4900
-3709
-3295
-2453
-3822
895
1576
-4940
3135
1771
4323
-12
-3382
-4665
307
4800
2726
3887
692
-4434
950
3851
3334
-3368
4735
-1458
4228
577
4055
-1625
2947
860
592
-3343
636
1540
-3519
-882
-1508
-2740
3256
1288
-3208
4616
99
1237
-4880
-3676
-4265
2324
-114
-4314
4343
2700
1454
2898
-4366
-1230
-4801
3529
-1579
-3028
-1620
-3716
3045
-1754
-2098
-84
843
-1784
1072
-763
1581
3369
-685
7
343
16
3324
2400
-106
-2621
-2258
3185
-2127
-4031
-128
-772
-2444
-4892
-3748
1975
4512
-4463
-1295
3687
3352
-1376
2481
-2732
3042
-1253
-4174
-1660
1157
-1407
-2384
-4019
-1612
2929
-2828
4199
4819
-4238
1184
-799
1001
2887
3035
1096
1044
-3004
920
-4546
1606
1669
-418
3268
-37
-2375
-2327
-1893
-3899
2118
2467
790
3325
4856
3219
-1984
2997
768
-2017
-199
1446
1142
-1587
3551
4270
-145
4231
-3846
-3318
2972
1464
-4607
4744
1546
732
-4729
2450
4341
1550
4293
-1181
1987
4550
-2545
3208
1923
1233
-473
3562
922
-1878
2978
-1507
3990
-1041
4783
-109
-488
1459
2069
-2991
1269
919
4663
-3892
1945
-3610
95
-704
-737
-3814
-3876
-4791
-4517
-408
-4162
1388
-2101
607
-3455
-3086
-300
-2157
-4208
4527
631
-4922
2917
-1948
1627
3073
-3903
-2056
-87
-1266
4233
973
-1848
-4323
-4935
-4541
-632
543
-3749
-3819
-623
4948
2158
-2252
-4991
4612
4586
-3426
-2869
-667
1863
-600
-969
1738
240
3633
-4101
-3223
764
-2120
4623
719
-82
-363
4003
2165
1655
-4375
-3245
909
1620
3155
756
-4104
1848
3592
2394
-4530
-1737
-3609
4935
-1843
2973
838
4591
4686
1033
-2210
4092
-3674
2666
-430
3366
1005
699
4409
1704
3650
2766
-3500
2806
-359
-4793
-989
4778
3732
4728
3784
-3253
2683
-1547
-3959
-3077
-3997
-3422
1753
-783
-3987
3263
4797
4036
1732
4457
-4909
3942
-2904
234
805
-3471
-4895
188
-3317
2960
-3416
-2223
1432
4081
-3859
4605
4874
-4622
2704
-1611
-3249
-2626
1902
-4077
3867
4905
1328
-3643
-2405
4501
-4758
-4582
4419
-2693
-2213
771
-278
-1470
-3098
1588
-988
2483
4657
-1257
1209
-2118
1462
-4508
1230
-4276
4668
-4574
3437
10
-4051
-2452
1197
4925
2425
3804
1497
-3632
-3165
4577
-1831
2271
-843
-2803
4093
-1003
167
1251
2332
-2030
-190
2760
-2409
784
-4558
3581
-2595
-3174
-2786
3166
-48
2767
4639
1491
2313
1386
4209
-658
-3507
3694
1188
3458
-1279
-2990
-4469
3872
4574
2751
-4462
4968
-4996
-2264
1592
1642
-1153
-4978
2586
2421
-1084
-1413
-3628
-2967
553
2744
4098
-1322
-4437
1500
2609
-2410
1974
-3768
1028
3377
2998
-1211
-4232
2000
3234
4863
-3137
-3423
556
1289
466
-3804
749
-4748
-4972
-918
421
-154
1850
3317
-822
-295
-3349
-3550
4941
-3762
-1097
-4640
2842
-3963
2181
-4008
-1679
2519
3477
3763
4654
4015
-265
404
-3880
-105
-3953
-4440
4626
4475
-69
-672
-2377
4477
648
-3958
-1944
-1956
2771
2049
4910
3479
2264
3659
3113
-3761
1748
4975
4329
4871
-2279
-2442
2423
-1109
-3898
3653
-4050
-3708
3065
4295
-102
-1602
290
1554
1746
-1762
-168
-2023
-3283
1860
-4584
-4799
-3764
-2524
-2144
3511
3758
-2997
-664
-1495
-2659
-890
1965
-4657
-520
4552
-2276
-3169
4245
-794
-120
-546
3420
3845
2001
3630
2213
2959
3494
4490
1589
3932
-2956
-4899
223
-2125
-1556
3303
-1575
3643
-2597
-594
-4271
3693
3623
-3498
2525
2083
-2417
-320
-1075
3085
-2295
3686
-122
-4620
4450
-1305
3790
-1922
-3650
593
-1678
3156
419
2360
-354
2180
-247
2765
1489
785
-1699
1516
-2844
3890
2306
-3406
546
-815
-3184
-3473
-2941
1390
4790
-326
1994
-13
-3360
3090
-2680
1657
1073
4217
-4002
2371
907
-1139
2785
322
-3322
-3539
4160
