1115
2287
-3120
-1846
407
-2018
-3084
4681
-4793
-3245
-3824
-996
2500
-4722
-1763
1298
-3167
-2245
-2272
2751
-4117
2684
-503
-2317
3595
400
-154
1953
241
3816
-4323
2711
3954
-4707
4447
-690
-2639
-2852
-4419
4157
-1759
-952
-1656
3666
-77
-3918
3693
-3305
1591
-2672
1312
-1394
-4756
3841
-3945
1903
-2816
-137
3893
-83
1052
4404
-67
-550
-1446
396
-2128
3844
3442
2259
-630
1816
-319
1368
3178
-322
-2154
-3175
-3221
960
4637
-2027
2044
2624
859
-1341
-4067
-2660
402
96
-637
-1657
-1840
2183
2885
-2067
-4395
-1762
4142
-1115
-2342
-4195
59
671
-4926
-3684
-227
-935
2604
-2391
-964
-2650
2425
4069
4258
-3861
650
2564
3122
3414
4060
469
-1720
-4946
4006
-2053
-2233
4045
-1436
-2409
4239
1046
-641
-3306
1849
-256
1654
3285
-3520
1319
-3070
1648
-2623
-2125
4949
-432
-3117
1450
2694
-1018
4282
-1514
-4601
-4169
4413
-3235
2256
1774
1073
4987
-1651
-590
-2319
4471
621
301
-1294
126
3441
-860
4842
-873
1015
-505
3772
4059
-248
-3682
-1434
85
970
842
-3775
-1965
2746
-3241
3008
4299
535
-3246
-1429
-1694
1498
4743
4493
-3196
-4555
1527
907
1942
-4
-3580
1611
1383
-4820
4434
-4182
2841
-4331
2291
2940
191
-4638
-3365
2579
-79
1601
1265
-1586
4056
-4007
704
-2890
247
-3922
71
-1924
-1501
1407
3173
-18
-454
-2770
-3284
4058
2768
3256
-3346
-3358
-1474
-2891
-4279
3435
4281
-198
-235
-2340
336
129
2955
1702
4098
-979
3807
4947
-3504
-2043
1600
-4050
-3294
4468
-4643
3824
1583
4746
964
-1807
1675
-3142
4803
-1611
3931
-1748
-266
4594
391
2728
-1914
-3422
1667
2775
1859
4478
-653
3690
-2370
4634
-4574
2532
4195
1485
2004
-3374
-2200
-1062
-2249
4862
823
3673
-4329
